time,x,y,z,phi,theta,psi,x_velocity,y_velocity,z_velocity,phi_velocity,theta_velocity,psi_velocity,rotor_speed1,rotor_speed2,rotor_speed3,rotor_speed4
0.06,6.99182453385e-08,-6.13503658808e-08,10.003045801,6.28308814,6.28306915383,0.0,7.94904958251e-06,-6.79275447823e-06,0.101522330069,-0.00507308493967,-0.00612009454545,0.0,437.2359751404638,436.72593824716176,437.99508818072604,437.57308382587644
0.12000000000000001,3.766250128e-06,-3.56086306605e-06,10.0119379777,6.28284304855,6.28316367271,0.0,0.000125730066116,-0.000137541535048,0.194871527578,-0.00217813758431,0.0136949692064,0.0,434.2416121922923,435.9003451415099,434.4132306371129,434.6559450603988
0.18,8.81346354908e-06,-1.7986831094e-05,10.0241281717,6.28316920339,0.000953547429583,0.0,-3.84328859617e-05,-0.000331681761278,0.21146515373,0.0174530711528,0.0209323818548,0.0,408.6199193243625,409.26442187253184,409.4440195207567,411.1864773090831
0.23999999999999996,-1.67277692201e-05,-3.44121470251e-05,10.0384297892,0.0010933610209,0.001676970217,0.0,-0.000919722972137,-0.000113138448493,0.265243823822,0.0204900825971,-0.0189468155347,0.0,424.37284645779187,420.9364238837444,421.28450758907815,421.5469426716521
0.3,-0.000109747585137,-6.58083096128e-06,10.0624372029,0.00177648529458,0.000609295156487,0.0,-0.00204079299994,0.00118104388435,0.534915928547,-0.0215589212771,-0.0155844684953,0.0,487.48030073161385,487.7315418781475,489.72586957580285,486.5886393409932
0.36000000000000004,-0.000241630596615,9.83548167115e-05,10.0985705324,0.00103246206047,6.28282237828,0.0,-0.00225315338987,0.00221230891161,0.669458873883,0.00148934965738,-0.0174718868852,0.0,447.9377625949761,447.7843648242979,447.2913187172278,449.1642057994044
0.4200000000000001,-0.000365258444876,0.000252747879582,10.1418102651,0.000921293697221,6.28175475482,0.0,-0.00175953371698,0.00293398427947,0.771801467938,-0.00955390436824,-0.018445250817,0.0,438.6060227548448,438.52525128833526,438.13469741841055,437.2157583470174
0.48000000000000015,-0.00043442828001,0.000447705178057,10.1937930043,0.000106595760722,6.28167607394,0.0,-0.000492546343202,0.00348632834805,0.960816519683,-0.0231723247567,0.0203894073125,0.0,463.40057275838063,466.4428861569745,465.43867390463384,464.37187986851717
0.5400000000000001,-0.000435228411564,0.000653718389953,10.256144742,6.28209570473,6.28279651402,0.0,0.000336071901478,0.00323879228639,1.11743462013,-0.0141448984078,0.0150015373408,0.0,456.1605667153401,455.73010504999036,454.5966604177973,455.31939232624586
0.6000000000000002,-0.000411282063992,0.000825357573224,10.3236747001,6.28110756899,0.000780389796725,0.0,0.000368334876357,0.00240066962561,1.13354793352,-0.0215769870276,0.0272127815721,0.0,411.2061209129985,412.2863179328612,409.98902093351944,409.32828732311094
0.6600000000000003,-0.00041038292099,0.000923820481921,10.3936597199,6.27963054529,0.00232748238573,0.0,-0.000492546963847,0.000748069241764,1.1992186454,-0.0315202390093,0.0227645947466,0.0,426.2244030893139,425.84427363354627,428.7346648521477,427.88897887399986
0.7200000000000003,-0.000499825425678,0.000879133852138,10.470930008,6.27787978499,0.00414963033589,0.0,-0.00267275030886,-0.00244293628671,1.37625989382,-0.0248671389686,0.0423722130243,0.0,461.40468830630084,462.9501561655099,461.8121028424714,462.336306402004
0.7800000000000004,-0.000782249253699,0.000585239981141,10.5622364297,6.27636272165,0.0068114455903,0.0,-0.00707878629772,-0.00754728575924,1.66690754956,-0.0261321187032,0.0480742722291,0.0,495.9707324543198,496.390195635805,494.9171063939792,494.823963333568
0.8400000000000004,-0.00136852712072,-2.42032543308e-05,10.6665963578,6.27459351683,0.0095676867964,0.0,-0.0127689089185,-0.0129459986216,1.81153499422,-0.0372190704653,0.0412802903037,0.0,453.030009942569,452.48463121052646,454.7682908219265,453.8791636207752
0.9000000000000005,-0.00234257302468,-0.000987064615757,10.7782902065,6.27228101349,0.0126345060812,0.0,-0.0199854249693,-0.0193795182717,1.91142615649,-0.0413269584571,0.0657748284954,0.0,438.57006425228843,440.6013021637171,440.7712006292671,440.4308565199977
0.9600000000000005,-0.00380216740851,-0.00237093336569,10.8948021872,6.27011405911,0.0166131774189,0.0,-0.0290475370453,-0.0269701051209,1.97219531228,-0.0273288948545,0.0673623771333,0.0,428.42704425196644,428.5654440925559,426.74950146721744,427.94193140804384
1.0200000000000005,-0.00591147916106,-0.00427126769947,11.0165704906,6.26807376018,0.0208209428597,0.0,-0.0416893303452,-0.036557523904,2.08653558941,-0.0527302144084,0.0751547491356,0.0,444.5985458158839,445.2402219123644,446.60971213145297,444.53257910319167
1.0800000000000005,-0.00889991222093,-0.00681775110211,11.146592414,6.2648957287,0.0252709665641,0.0,-0.0584157533296,-0.0486721650349,2.24720903105,-0.0534452258687,0.0721158783096,0.0,460.1913072546272,459.9548026784115,459.87440346775486,459.81603207017423
1.1400000000000006,-0.012959893219,-0.0101401084428,11.2850497493,6.26149041765,0.0294887915334,0.0,-0.077359687581,-0.0624144300482,2.3677733942,-0.0643659190538,0.0663881339695,0.0,449.3302864828261,448.86943226718745,448.0193102476849,447.12831801855754
1.2000000000000006,-0.0182010872666,-0.0143286085621,11.4292858012,6.25825019281,0.0334177160221,0.0,-0.097729507633,-0.0775407361127,2.43992182798,-0.0387531385435,0.0636063857759,0.0,434.08821205866724,433.8580052563604,432.1623194206369,434.3135370947734
1.2600000000000007,-0.0247964572157,-0.0195246472137,11.5794488274,6.25553578281,0.0371377428271,0.0,-0.122505563122,-0.095914400554,2.56521617828,-0.0631820289277,0.0585795286816,0.0,450.5190200406983,450.1151052679615,452.13972081309896,450.166022729299
1.3200000000000007,-0.0328844610602,-0.0258327154768,11.7352080204,6.2514289315,0.0405795542254,0.0,-0.147424440234,-0.114727540701,2.6265902519,-0.0818878053765,0.0548144352408,0.0,431.04777278860814,430.73185788959177,432.2259717916252,430.6427824802909
1.3800000000000008,-0.0426170553993,-0.033419410708,11.8966600949,6.24655821871,0.0437523548219,0.0,-0.177326538509,-0.13867116807,2.75480848438,-0.0797973247891,0.0487012713725,0.0,452.76925387873695,452.2789388464363,452.6652867718682,452.8282831032405
1.4400000000000008,-0.0540933348189,-0.042447061636,12.063142864,6.24201258325,0.0470404181456,0.0,-0.205503193042,-0.162679681189,2.794485111,-0.0687149625623,0.0648289024217,0.0,424.64456942815616,426.0278871836715,424.59826522692134,425.5431106902473
1.5000000000000009,-0.0677335861173,-0.0533549809048,12.2405233919,6.23864026308,0.0512853730727,0.0,-0.2496844617,-0.201377335014,3.1173188161,-0.0387013238478,0.0805300857952,0.0,509.70938397463476,510.8332874412896,508.7950846374493,510.93734192755835
1.560000000000001,-0.083899143692,-0.0664570862189,12.4325526276,6.23630164998,0.0562350246838,0.0,-0.289690417951,-0.235597711622,3.28314190892,-0.0395336410533,0.0861562342661,0.0,466.2615331335043,466.7060400488231,467.33075620191244,467.26520221384993
1.620000000000001,-0.10260209415,-0.0816843522152,12.6349219957,6.23387454776,0.0618097626693,0.0,-0.334324970539,-0.272223816439,3.46191610205,-0.0423536015733,0.103816785369,0.0,471.88594200379544,473.2538897457754,471.1577217975094,470.9388979327971
1.680000000000001,-0.124108750033,-0.0991589312224,12.8478954414,6.23202899121,0.0680306400782,0.0,-0.383233349839,-0.310473458084,3.63658395154,-0.014186069118,0.103409140254,0.0,472.36671074144795,472.3439355486103,470.1502154002982,472.32722164678677
1.740000000000001,-0.148771253248,-0.119022397851,13.0724662846,6.2311352198,0.0737421035164,0.0,-0.439520379473,-0.35170771117,3.84834373198,-0.0163556076555,0.0687761417143,0.0,485.4943913579078,482.8952287164009,483.70404514333427,483.54075237503963
1.8000000000000012,-0.176633429882,-0.141167024553,13.3056310229,6.23047482708,0.0785179412198,0.0,-0.489643716099,-0.386511041755,3.92349919748,-0.00202088555027,0.0953460092498,0.0,443.6929731300755,445.87397735913515,442.99483811323324,444.172183699221
1.8600000000000012,-0.207929134009,-0.165624899285,13.5473740561,6.22982076548,0.084084919144,0.0,-0.554155881218,-0.42874049864,4.13377925332,-0.0419393600153,0.0870933157203,0.0,486.02702921229826,485.41452099979233,487.0549880069331,484.0601257008178
1.9200000000000013,-0.24279664969,-0.192371101391,13.7966744546,6.22745119647,0.0892644211563,0.0,-0.608568175361,-0.463017119669,4.17599601901,-0.0350019961914,0.0847435177701,0.0,435.9339475941451,435.7438446493909,436.13230627292717,436.71057092526576
1.9800000000000013,-0.280889559729,-0.221131706098,14.0469712853,6.22505309064,0.0949171366764,0.0,-0.661664387787,-0.495860601003,4.16717884789,-0.0524289336458,0.10845271582,0.0,419.0416345379079,421.1056357379987,420.46893114386893,418.95528437496415
2.0400000000000014,-0.322407103393,-0.251990210672,14.2981328541,6.22217530062,0.10147917297,0.0,-0.722846739686,-0.533022695431,4.20462042313,-0.0402669909894,0.111134854859,0.0,434.8366560402811,435.07213767191695,435.05619049210316,436.0719094884728
2.1000000000000014,-0.368026416414,-0.285312379236,14.5544882301,6.21953229911,0.107664081885,0.0,-0.798443510869,-0.577950031238,4.3399129644,-0.0529551283331,0.0776496481671,0.0,468.216366164381,465.61194466342306,466.3137934671827,465.3204602020319
2.1600000000000015,-0.418023967093,-0.321222607801,14.8163354201,6.21610915263,0.112215581733,0.0,-0.868557158357,-0.619351939865,4.38802379134,-0.0668526900888,0.0720131332456,0.0,440.91535741367176,440.45397281621024,441.104069139999,439.95243777881785
2.2200000000000015,-0.472074723424,-0.359541152582,15.078938047,6.21159512813,0.116359175487,0.0,-0.93350246623,-0.658283843093,4.36536821181,-0.102674641542,0.0623841365175,0.0,418.8286806003698,417.9941882350051,419.1974076954011,416.0670398591934
2.2800000000000016,-0.529928213493,-0.400177650542,15.3387734496,6.20536064209,0.120107676855,0.0,-0.995270202911,-0.696757961921,4.29595357817,-0.10649447345,0.0626560937501,0.0,401.7605668656975,401.7884976268452,402.41467965312785,402.05805048918035
2.3400000000000016,-0.59251180141,-0.44384559298,15.6023413117,6.199603899,0.123987470583,0.0,-1.09120279211,-0.759469171787,4.488706593,-0.080494797965,0.0684006738251,0.0,484.8177267909497,485.2518675720818,484.49451471351796,486.43818483135453
2.4000000000000017,-0.661098594318,-0.491507114413,15.8786637959,6.19523129039,0.127939596047,0.0,-1.19539693071,-0.829714765661,4.72089919914,-0.0608606359131,0.0602545627133,0.0,497.851251178007,497.2575005704076,498.5904940429077,500.01939589232904
2.4600000000000017,-0.735225241901,-0.542931585356,16.1626559308,6.19106916173,0.131820974083,0.0,-1.27582378622,-0.884764035097,4.74524461395,-0.0976506578602,0.0723389663558,0.0,437.6863871541242,438.6942045812803,439.03704313460287,435.9691035335765
2.520000000000002,-0.814950332029,-0.598228805879,16.4532867793,6.18546657847,0.136149720198,0.0,-1.38207162113,-0.959050059463,4.94136509716,-0.0859704668165,0.0717567593855,0.0,491.7202786262503,491.68061086699,489.6832525404221,490.5449015949423
2.580000000000002,-0.90059683549,-0.657712267398,16.7516187016,6.18036312071,0.140912283732,0.0,-1.47321657082,-1.02418784124,5.0025388543,-0.083292884861,0.091393437108,0.0,452.61467107768283,454.19730279512083,451.4285262443611,451.63874879650035
2.640000000000002,-0.991805665792,-0.721197912043,17.0535502445,6.17549725316,0.14602128997,0.0,-1.56755378839,-1.09243195089,5.06133293743,-0.0770364257771,0.0681848554314,0.0,453.6431558698964,451.78104703562207,452.6176341201873,453.11575802804896
2.700000000000002,-1.0887107426,-0.788825836467,17.3585649145,6.17052442051,0.149728541324,0.0,-1.66296016344,-1.16224487186,5.1053882835,-0.0983423086833,0.0442099592437,0.0,449.79050301062955,447.8469257070574,450.44715791461323,448.71486114916536
2.760000000000002,-1.19125437845,-0.860624959585,17.6651762432,6.16443090542,0.152182465466,0.0,-1.75538975332,-1.23157401292,5.11471748237,-0.108917311099,0.0332833133966,0.0,440.0494096311907,439.14471330325915,438.80462817863406,437.91656090499157
2.820000000000002,-1.29991171413,-0.937100375123,17.9756850853,6.15829488621,0.153758770486,0.0,-1.86663713278,-1.31818785229,5.23475000626,-0.0915030184244,0.00608717084157,0.0,474.7015264540693,472.6097709756453,474.05215568578365,475.38009856362993
2.880000000000002,-1.41498391059,-1.01866201612,18.291486098,6.15266451404,0.155044241006,0.0,-1.96916275793,-1.40102099785,5.29144537214,-0.0989740044157,0.0415924612849,0.0,455.3384783117842,458.170575772558,456.336549221032,455.73244323377895
2.940000000000002,-1.53585127745,-1.10497524862,18.6081698617,6.14643113351,0.15767807993,0.0,-2.05999579971,-1.47659549873,5.2645474151,-0.116177780185,0.0481476346246,0.0,430.16081703241656,430.7168182287531,431.40410873716553,429.9387283457508
3.000000000000002,-1.66293026522,-1.19654367766,18.9276160856,6.13956910204,0.160336426406,0.0,-2.17617826193,-1.57630793538,5.38273664823,-0.110974802545,0.0352351295333,0.0,476.5996673439229,475.61252675709403,477.15669100895633,477.54310633248923
3.0600000000000023,-1.79677591405,-1.29400225287,19.2524958411,6.13378931173,0.16284722715,0.0,-2.28552947694,-1.6728380171,5.44594777285,-0.0767940012782,0.0525641981455,0.0,460.2631823364935,461.6337151883484,461.28302164224465,463.96668187797655
3.1200000000000023,-1.93671963222,-1.39688565489,19.5779976194,6.12933413077,0.165881786534,0.0,-2.37956136675,-1.75699341876,5.40402734581,-0.0696045221302,0.0462710429564,0.0,429.13351405452727,428.6005903688336,429.29371418575323,429.898923728616
3.1800000000000024,-2.08239727872,-1.5049228481,19.9011588059,6.12610213433,0.169203286338,0.0,-2.47666051922,-1.84455726259,5.36789950404,-0.0333526139005,0.0691608028118,0.0,430.1635452415758,432.10000094209795,430.044249753165,433.10223052690264
3.2400000000000024,-2.23384641828,-1.61815297136,20.221423601,6.12457532842,0.173284880118,0.0,-2.57203542229,-1.92995578446,5.30760854074,-0.0130664453984,0.0656569799118,0.0,423.7330458905616,423.43538881646623,422.4643349893423,424.21005090679074
3.3000000000000025,-2.39141617056,-1.73682410047,20.5398698279,6.12358640955,0.177358756408,0.0,-2.68065763616,-2.02581932188,5.30696983746,-0.0243790985481,0.0720383357118,0.0,442.710763026702,443.23909054772264,444.03666182391754,443.1075364978669
3.3600000000000025,-2.55539613284,-1.8611028416,20.8572078358,6.12214605716,0.181674966743,0.0,-2.78574659558,-2.11694731642,5.27082694347,-0.0232697672171,0.071733181057,0.0,432.2018562224931,432.18027970831344,432.2537671718583,432.3471750694481
3.4200000000000026,-2.72611569784,-1.99118416428,21.17423211,6.12035397686,0.186012556072,0.0,-2.90529312232,-2.21920757163,5.29616557634,-0.0482696683784,0.0733896327272,0.0,452.38762392629064,452.5249431158184,453.8342969806926,451.8224553787129
3.4800000000000026,-2.90450798498,-2.12779488066,21.4948730825,6.11760423451,0.190516222591,0.0,-3.04148870662,-2.33466988101,5.39094827167,-0.041348413317,0.0782087008239,0.0,474.73578247535227,475.10949086645076,475.53591793703174,476.0648093086727
3.5400000000000027,-3.09145880895,-2.27163178098,21.8225877359,6.11516799469,0.195750046617,0.0,-3.19061039536,-2.46001121969,5.53164847592,-0.0391556159346,0.100952908236,0.0,490.18467906028735,491.8775810477517,490.8999273883995,491.06195865439935
3.6000000000000028,-3.28628137397,-2.42203094562,22.1527288351,6.11301010181,0.201662100188,0.0,-3.30401984632,-2.55350847338,5.47292250503,-0.0302462525769,0.093200025005,0.0,431.34762242114243,430.700888870486,430.1891596461997,430.94245382056357
3.660000000000003,-3.48889489903,-2.57880576346,22.4835303994,6.1112669616,0.207426223164,0.0,-3.45024568133,-2.6723986348,5.55285223486,-0.0267658221049,0.101260595242,0.0,474.9994869063979,475.6245406056325,475.7298574590815,475.9961494899716
3.720000000000003,-3.70051895497,-2.74283955095,22.8195725384,6.10940659982,0.213150045131,0.0,-3.60438316148,-2.7954514881,5.64747487972,-0.0412275355988,0.0798660680807,0.0,483.87585913192726,482.26900321673077,481.49117368711677,480.39532318155466
3.780000000000003,-3.92131436675,-2.91414050944,23.1603152129,6.10710822093,0.217665290294,0.0,-3.75584942943,-2.91472680663,5.70971790204,-0.0330257802624,0.0639161388212,0.0,473.51879682106204,472.2939352256355,475.41142521831733,476.0389618689087
3.840000000000003,-4.15037522092,-3.09191727489,23.5006446605,6.10524863506,0.22109400088,0.0,-3.8799186049,-3.0113843895,5.63456169953,-0.0272102799737,0.0380230612012,0.0,432.56219683873957,430.3777975206707,432.0209786959123,432.51081633136494
3.900000000000003,-4.38667084327,-3.27531276627,23.8352156097,6.10351146429,0.223781259561,0.0,-3.99697492426,-3.10204483964,5.5180443654,-0.0326873515792,0.0557071963374,0.0,417.16711078749154,418.7101113488426,417.6141343474171,417.13567604300226
3.960000000000003,-4.6294395744,-3.46370442894,24.160122763,6.10146599682,0.22687300126,0.0,-4.09581492638,-3.17801204325,5.3129181652,-0.0370571619488,0.0414923265131,0.0,385.2552910261169,383.9105795957384,385.19550859758823,384.7812388572911
4.020000000000002,-4.87933221416,-3.65758061915,24.4775231075,6.09934410908,0.229053577719,0.0,-4.23424262217,-3.28475732881,5.26687088027,-0.032179082137,0.0232840051523,0.0,440.66888343766016,439.1613726315468,439.2353164834154,439.6392177876159
4.080000000000001,-5.13789292937,-3.85814756853,24.7934072526,6.09724817321,0.230291804118,0.0,-4.38463476247,-3.40100215577,5.26215991735,-0.0411006170493,0.0147347134986,0.0,454.61127026605243,453.9255343944791,453.506687558085,452.788839011868
4.14,-5.40589847316,-4.06603539562,25.1105311364,6.09528800042,0.231955780434,0.0,-4.54901674532,-3.52876168652,5.30787137518,-0.019646119594,0.0457240046115,0.0,469.03936080048015,471.440603166593,470.2806355699192,471.9394649904526
4.199999999999998,-5.68332935221,-4.28123914164,25.4282668449,6.09442399945,0.234824377972,0.0,-4.69901323733,-3.64482647826,5.2829383128,-0.00556133962271,0.0516844948487,0.0,449.68696913814284,450.17100824843254,449.0602067715299,450.20166205340206
4.259999999999997,-5.97000810723,-4.50356809946,25.7451589186,6.09436741708,0.237702880894,0.0,-4.85728059481,-3.76618432016,5.27961841076,0.00698288372892,0.0392757151423,0.0,458.13061835119913,457.1439715907166,457.0826152688154,458.0814945017685
4.319999999999996,-6.26666869526,-4.73351003555,26.0634549055,6.09478548083,0.240127611184,0.0,-5.03164286772,-3.89848822258,5.32943445409,0.00693740155256,0.0425928153652,0.0,475.69830154394344,475.95302575556394,475.0162449790607,475.012642804801
4.379999999999995,-6.57379695915,-4.97134544548,26.3843997106,6.09521720495,0.242517990942,0.0,-5.20622710212,-4.02931565123,5.36795405428,0.0077064921213,0.0336716392948,0.0,474.19666190259034,473.5113845233018,473.3452601859393,473.40434181970977
4.439999999999993,-6.89120293902,-5.21683527945,26.7065182097,6.09592814839,0.244596062414,0.0,-5.37425306896,-4.15367696662,5.36879831355,0.019059975869,0.0364935387784,0.0,461.8118324265168,462.03487548183443,464.34215595495806,465.23207224317935
4.499999999999992,-7.21937394876,-5.47024792552,27.0310360337,6.0972005457,0.246814587576,0.0,-5.56498372881,-4.29325718507,5.44743140995,0.0251867498963,0.0379219604322,0.0,488.0416125749231,488.14874030172473,488.80030507622945,489.2567389142321
4.559999999999991,-7.55849978452,-5.73161334784,27.3579928519,6.0981916087,0.24951856624,0.0,-5.73954149626,-4.41886398629,5.45055080579,-0.0129229140075,0.0564810399599,0.0,467.17885261654385,468.6251092363608,468.319952585411,465.34544735822743
4.6199999999999894,-7.90801433523,-6.00040274438,27.6844069853,6.09728785066,0.252949413865,0.0,-5.91135926133,-4.54091324396,5.42935751225,-0.0197277893887,0.058544260204,0.0,459.94309528228786,460.1086375178494,462.25510178031936,461.7185093189929
4.679999999999988,-8.26727995583,-6.27608476479,28.006994811,6.09584651612,0.256279963663,0.0,-6.06468478597,-4.64874382143,5.32353133466,-0.0344051162008,0.0486210178979,0.0,434.9738333360411,434.1438947109489,434.68789783175185,433.4556887808812
4.739999999999987,-8.6359231786,-6.55834552978,28.3235004467,6.09346072569,0.259101414158,0.0,-6.22390777522,-4.76025835179,5.22652734439,-0.0535209945074,0.0436234385905,0.0,437.7382398825626,437.3233931558188,438.1324666346404,436.53884160172805
4.799999999999986,-9.01519407799,-6.84806118391,28.6377683673,6.09024766133,0.2618699027,0.0,-6.41877083277,-4.89721067134,5.24808551523,-0.0536112745459,0.0507525396891,0.0,475.2191920108518,475.766582486521,477.021823945135,477.0132541345535
4.859999999999984,-9.4045746436,-7.14487025938,28.9471050608,6.08668709165,0.265029640978,0.0,-6.56120605134,-4.99688213708,5.06349424638,-0.0744017228314,0.0562303939313,0.0,409.43914632586007,409.92843242599696,409.95809888084756,408.10294880896765
4.919999999999983,-9.80432249241,-7.44897659319,29.2515360135,6.08254209269,0.268344483929,0.0,-6.76408936634,-5.14035414418,5.0830849572,-0.0601451960238,0.0532059235254,0.0,477.00306713237217,476.77380456182925,476.95223692743923,478.0367898260792
4.979999999999982,-10.2147096511,-7.76059289651,29.5512007364,6.07851870996,0.271367709232,0.0,-6.91611770528,-5.24733837983,4.90596481406,-0.0867821531292,0.0440535433547,0.0,414.1326890707263,413.32838614805524,415.1667003771558,412.8180831701979
5.0399999999999805,-10.6352187243,-8.07937179966,29.8433453645,6.07300653277,0.274131809535,0.0,-7.10131566473,-5.37912771947,4.83162933902,-0.104715991158,0.0498196527876,0.0,448.96353650308896,449.4324849334667,449.53451226018007,448.07129365545194
